20
0 3737 3383 4113 799 2647 5302 1908 3706 4914 3434 5695 3068 3779 1914 2506 2455 1557 3730 4221
3737 0 6548 1372 3610 2582 2561 2735 1929 2173 6599 2954 6233 6944 2491 5671 5620 4722 989 7386
3383 6548 0 6924 3610 5458 8113 4719 6517 7725 1687 8506 1321 2032 4725 1609 2342 2678 6541 2474
4113 1372 6924 0 3986 2958 1397 3111 2305 1009 6975 1790 6609 7320 2867 6047 5996 5098 617 7762
799 3610 3610 3986 0 2520 5175 1781 3579 4787 3661 5568 3295 4006 1787 2733 2682 1784 3603 4448
2647 2582 5458 2958 2520 0 4147 1645 2551 3759 5509 4540 5143 5854 1401 4581 4530 3632 2575 6296
5302 2561 8113 1397 5175 4147 0 4300 3494 1248 8164 799 7798 8509 4056 7236 7185 6287 1806 8951
1908 2735 4719 3111 1781 1645 4300 0 2704 3912 4770 4693 4404 5115 912 3842 3791 2893 2728 5557
3706 1929 6517 2305 3579 2551 3494 2704 0 3106 6568 3887 6202 6913 2460 5640 5589 4691 1922 7355
4914 2173 7725 1009 4787 3759 1248 3912 3106 0 7776 1641 7410 8121 3668 6848 6797 5899 1418 8563
3434 6599 1687 6975 3661 5509 8164 4770 6568 7776 0 8557 1222 1081 4776 1660 2393 2729 6592 1523
5695 2954 8506 1790 5568 4540 799 4693 3887 1641 8557 0 8191 8902 4449 7629 7578 6680 2199 9344
3068 6233 1321 6609 3295 5143 7798 4404 6202 7410 1222 8191 0 1567 4410 1294 2027 2363 6226 2009
3779 6944 2032 7320 4006 5854 8509 5115 6913 8121 1081 8902 1567 0 5121 2005 2738 3074 6937 662
1914 2491 4725 2867 1787 1401 4056 912 2460 3668 4776 4449 4410 5121 0 3848 3797 2899 2484 5563
2506 5671 1609 6047 2733 4581 7236 3842 5640 6848 1660 7629 1294 2005 3848 0 1465 1801 5664 2447
2455 5620 2342 5996 2682 4530 7185 3791 5589 6797 2393 7578 2027 2738 3797 1465 0 1750 5613 3180
1557 4722 2678 5098 1784 3632 6287 2893 4691 5899 2729 6680 2363 3074 2899 1801 1750 0 4715 3516
3730 989 6541 617 3603 2575 1806 2728 1922 1418 6592 2199 6226 6937 2484 5664 5613 4715 0 7379
4221 7386 2474 7762 4448 6296 8951 5557 7355 8563 1523 9344 2009 662 5563 2447 3180 3516 7379 0
